%YAML:1.0
---
body_T_cam0: !!opencv-matrix
   rows: 4
   cols: 4
   dt: d
   data: [ -1.4862130317823130e-03, 2.7633658884714030e-02,
       9.9961701269409542e-01, 6.8642293183037967e-02,
       -9.9990958776169758e-01, 1.3318255916030974e-02,
       -1.8548211738226850e-03, 1.5120063025315494e-02,
       -1.3364410688687989e-02, -9.9952939174193278e-01,
       2.7611366698258921e-02, 1.9136572684465759e-02, 0., 0., 0., 1. ]
body_T_cam1: !!opencv-matrix
   rows: 4
   cols: 4
   dt: d
   data: [ -1.1796938320716155e-03, 2.7254099069193738e-02,
       9.9962784195238863e-01, 6.8740581375506482e-02,
       -9.9990484189335682e-01, 1.3707408263371912e-02,
       -1.5537428753467086e-03, -3.5123916079797167e-02,
       -1.3744652803327706e-02, -9.9953455220048704e-01,
       2.7235335075745937e-02, 1.8593633533013149e-02, 0., 0., 0., 1. ]
