%YAML:1.0
---
model_type: PINHOLE
camera_name: camera
image_width: 424
image_height: 240
distortion_parameters:
   k1: 0.0
   k2: 0.0
   p1: 0.0
   p2: 0.0
projection_parameters:
   fx: 211.87901306152344
   fy: 211.87901306152344
   cx: 212.04910278320312
   cy: 120.70149230957031
